---
build/images/map-b5f08954.jpg: 2015-11-05 09:58:47.000000000 -08:00
build/images/name-fad8d1cb.png: 2015-11-05 09:58:47.000000000 -08:00
build/images/new_01-2f5618bf.jpg: 2015-11-05 09:58:47.000000000 -08:00
build/images/new_02-3e766fe3.jpg: 2015-11-05 09:58:47.000000000 -08:00
build/images/new_03-351fba11.jpg: 2015-11-05 09:58:47.000000000 -08:00
build/images/new_04-67c124ae.jpg: 2015-11-05 09:58:47.000000000 -08:00
build/images/party/angelina-cb1b68bc.jpg: 2015-11-05 09:58:47.000000000 -08:00
build/images/party/carl-7a06bf4a.jpg: 2015-11-05 09:58:47.000000000 -08:00
build/images/party/danny-4b856976.jpg: 2015-11-05 09:58:47.000000000 -08:00
build/images/party/david-f57bbce0.jpg: 2015-11-05 09:58:47.000000000 -08:00
build/images/party/earache-ba2a25c4.jpg: 2015-11-05 09:58:47.000000000 -08:00
build/images/party/georgio-d1fca03f.jpg: 2015-11-05 09:58:47.000000000 -08:00
build/images/party/jen-22be98da.jpg: 2015-11-05 09:58:47.000000000 -08:00
build/images/party/justin-107266dd.jpg: 2015-11-05 09:58:47.000000000 -08:00
build/images/party/krystal-eb6b8219.jpg: 2015-11-05 09:58:47.000000000 -08:00
build/images/party/lauren-462bf199.jpg: 2015-11-05 09:58:47.000000000 -08:00
build/images/party/tatyana-01e74027.jpg: 2015-11-05 09:58:47.000000000 -08:00
