---
build/images/map.jpg: 2015-10-27 21:51:46.000000000 -07:00
build/images/name.png: 2015-10-27 21:51:46.000000000 -07:00
build/images/new_01.jpg: 2015-10-27 21:51:46.000000000 -07:00
build/images/new_02.jpg: 2015-10-27 21:51:46.000000000 -07:00
build/images/new_03.jpg: 2015-10-27 21:51:46.000000000 -07:00
build/images/new_04.jpg: 2015-10-27 21:51:46.000000000 -07:00
build/images/party/angelina.jpg: 2015-10-27 21:51:55.000000000 -07:00
build/images/party/carl.jpg: 2015-10-27 21:51:46.000000000 -07:00
build/images/party/danny.jpg: 2015-10-27 21:51:56.000000000 -07:00
build/images/party/david.jpg: 2015-10-27 21:51:56.000000000 -07:00
build/images/party/earache.jpg: 2015-10-27 21:51:56.000000000 -07:00
build/images/party/georgio.jpg: 2015-10-27 21:51:56.000000000 -07:00
build/images/party/jen.jpg: 2015-10-27 21:51:56.000000000 -07:00
build/images/party/justin.jpg: 2015-10-27 21:51:57.000000000 -07:00
build/images/party/krystal.jpg: 2015-10-27 21:51:57.000000000 -07:00
build/images/party/lauren.jpg: 2015-10-27 21:51:57.000000000 -07:00
build/images/party/tatyana.jpg: 2015-10-27 21:51:57.000000000 -07:00
