---
build/images/map.jpg: 2015-11-05 09:49:49.000000000 -08:00
build/images/name.png: 2015-11-05 09:49:49.000000000 -08:00
build/images/new_01.jpg: 2015-11-05 09:49:49.000000000 -08:00
build/images/new_02.jpg: 2015-11-05 09:49:49.000000000 -08:00
build/images/new_03.jpg: 2015-11-05 09:49:49.000000000 -08:00
build/images/new_04.jpg: 2015-11-05 09:49:49.000000000 -08:00
build/images/party/angelina.jpg: 2015-11-05 09:49:49.000000000 -08:00
build/images/party/carl.jpg: 2015-11-05 09:49:49.000000000 -08:00
build/images/party/danny.jpg: 2015-11-05 09:49:49.000000000 -08:00
build/images/party/david.jpg: 2015-11-05 09:49:49.000000000 -08:00
build/images/party/earache.jpg: 2015-11-05 09:49:49.000000000 -08:00
build/images/party/georgio.jpg: 2015-11-05 09:49:49.000000000 -08:00
build/images/party/jen.jpg: 2015-11-05 09:49:49.000000000 -08:00
build/images/party/justin.jpg: 2015-11-05 09:49:49.000000000 -08:00
build/images/party/krystal.jpg: 2015-11-05 09:49:49.000000000 -08:00
build/images/party/lauren.jpg: 2015-11-05 09:49:49.000000000 -08:00
build/images/party/tatyana.jpg: 2015-11-05 09:49:49.000000000 -08:00
